,pred_Benign,pred_Attack
true_Benign,1212565,0
true_Attack,94544,2891
